Ground Elevation: 2645 (m)
Time, Latitude, Longitude (degrees * 10^-7), Altitude (m), Sallites, Downwelling Temp (°C), Upwelling Temp (°C), Downwelling Signal (DN), Upwelling Signal (DN)
16:59:27.4294960636, 452328291, -1114749207, 2648, 16, 7.200000, 5.100000, 6640, 10087
16:59:31.4294958872, 452328348, -1114749266, 2648, 16, 7.200000, 5.100000, 6522, 9669
16:59:35.4294957113, 452328325, -1114749257, 2648, 16, 7.200000, 5.100000, 6530, 9599
16:59:39.4294955351, 452328308, -1114749234, 2648, 16, 7.200000, 5.100000, 6400, 8112
16:59:43.4294953582, 452328297, -1114749213, 2648, 16, 7.300000, 5.100000, 6252, 7463
16:59:47.4294951807, 452328289, -1114749181, 2648, 16, 7.300000, 5.100000, 6501, 9399
16:59:51.4294950029, 452328273, -1114749142, 2648, 17, 7.300000, 5.100000, 6362, 9058
16:59:55.4294948255, 452328272, -1114749127, 2648, 16, 7.300000, 5.100000, 4532, 9456
16:59:59.4294946485, 452328413, -1114748936, 2646, 15, 7.300000, 5.200000, 6757, 12368
17:0:3.4294944709, 452328620, -1114748445, 2645, 16, 7.300000, 5.200000, 4806, 18049
17:0:7.4294942928, 452328632, -1114748365, 2644, 16, 7.300000, 5.100000, 6388, 62522
17:0:11.4294941145, 452328643, -1114748308, 2643, 16, 7.300000, 5.100000, 6730, 62538
17:0:15.4294939358, 452328637, -1114748243, 2643, 17, 7.300000, 5.100000, 6738, 62555
17:0:19.4294937572, 452328640, -1114748185, 2642, 16, 7.300000, 5.100000, 6742, 62555
17:0:23.4294935788, 452328665, -1114748191, 2642, 16, 7.300000, 5.000000, 6706, 62588
17:0:27.4294934012, 452328650, -1114748221, 2642, 15, 7.300000, 5.000000, 6750, 62562
17:0:31.4294932242, 452328616, -1114748265, 2642, 14, 7.300000, 5.000000, 6735, 62555
17:0:35.4294930472, 452328610, -1114748283, 2643, 14, 7.300000, 5.000000, 6696, 62571
17:0:39.4294928702, 452328599, -1114748305, 2643, 15, 7.200000, 5.000000, 6749, 62593
17:0:43.4294926930, 452328616, -1114748319, 2643, 15, 7.200000, 5.000000, 6732, 62589
17:0:47.4294925154, 452328622, -1114748328, 2643, 15, 7.200000, 5.000000, 6742, 62586
17:0:51.4294923374, 452328631, -1114748328, 2643, 15, 7.100000, 5.000000, 6739, 62590
17:0:55.4294921590, 452328627, -1114748307, 2642, 15, 7.100000, 5.000000, 6720, 62595
17:0:59.4294919808, 452328622, -1114748308, 2643, 15, 7.100000, 4.900000, 6760, 62578
17:1:3.4294918032, 452328625, -1114748304, 2643, 14, 7.000000, 4.900000, 6769, 62571
17:1:7.4294916262, 452328632, -1114748310, 2643, 14, 7.000000, 4.900000, 6763, 62586
17:1:11.4294914502, 452328634, -1114748336, 2643, 14, 7.000000, 4.900000, 6785, 62565
17:1:15.4294912752, 452328629, -1114748342, 2643, 14, 6.900000, 4.900000, 6754, 62581
17:1:19.4294911006, 452328631, -1114748349, 2643, 15, 6.800000, 4.800000, 6814, 62581
17:1:23.4294909263, 452328631, -1114748343, 2642, 14, 6.800000, 4.800000, 6790, 62579
17:1:27.4294907518, 452328630, -1114748321, 2642, 14, 6.800000, 4.800000, 6793, 62590
17:1:31.4294905774, 452328627, -1114748284, 2641, 17, 6.700000, 4.800000, 6813, 62576
17:1:35.4294904029, 452328627, -1114748264, 2641, 17, 6.700000, 4.800000, 6840, 62561
17:1:39.4294902292, 452328634, -1114748246, 2640, 17, 6.600000, 4.800000, 6815, 62574
17:1:43.4294900569, 452328635, -1114748235, 2640, 17, 6.600000, 4.700000, 6809, 62583
17:1:47.4294898852, 452328626, -1114748221, 2640, 17, 6.600000, 4.700000, 6839, 62591
17:1:51.4294897148, 452328611, -1114748209, 2639, 16, 6.500000, 4.700000, 6866, 62581
17:1:55.4294895446, 452328593, -1114748204, 2639, 16, 6.400000, 4.600000, 6869, 62588
17:1:59.4294893741, 452328581, -1114748196, 2639, 16, 6.400000, 4.600000, 6882, 62573
17:2:3.4294892042, 452328574, -1114748190, 2640, 17, 6.400000, 4.600000, 6895, 62576
17:2:7.4294890357, 452328593, -1114748163, 2644, 17, 6.300000, 4.500000, 7309, 62593
17:2:11.4294888684, 452328588, -1114748203, 2651, 17, 6.300000, 4.500000, 7381, 62575
17:2:15.4294887022, 452328601, -1114748242, 2659, 17, 6.200000, 4.500000, 7617, 56272
17:2:19.4294885375, 452328611, -1114748271, 2666, 18, 6.100000, 4.400000, 7238, 12131
17:2:23.4294883758, 452328644, -1114748296, 2675, 18, 6.000000, 4.400000, 7206, 11913
17:2:27.4294882172, 452328648, -1114748310, 2685, 18, 5.900000, 4.300000, 7368, 11772
17:2:31.4294880618, 452328666, -1114748336, 2694, 18, 5.800000, 4.200000, 7389, 11635
17:2:35.4294879092, 452328678, -1114748361, 2703, 18, 5.600000, 4.100000, 7470, 11604
17:2:39.4294877590, 452328691, -1114748371, 2712, 19, 5.400000, 4.000000, 7628, 11526
17:2:43.4294876110, 452328689, -1114748380, 2712, 19, 5.400000, 4.000000, 7738, 11633
17:2:47.4294874649, 452328872, -1114749088, 2715, 19, 5.300000, 4.000000, 6059, 6186
17:2:51.4294873207, 452329807, -1114752130, 2720, 19, 5.000000, 3.900000, 6761, 12413
17:2:55.4294871787, 452330783, -1114755452, 2726, 19, 4.900000, 3.900000, 7156, 12021
17:2:59.4294870389, 452331750, -1114758722, 2730, 19, 4.800000, 3.900000, 7116, 11726
17:3:3.4294869012, 452332743, -1114762083, 2735, 19, 4.500000, 3.900000, 6908, 11098
17:3:7.4294867654, 452333733, -1114765388, 2740, 19, 4.400000, 3.900000, 6895, 11001
17:3:11.4294866318, 452334715, -1114768707, 2744, 19, 4.200000, 3.900000, 7019, 6671
17:3:15.4294864996, 452335676, -1114771990, 2748, 19, 4.000000, 3.800000, 6948, 6281
17:3:19.4294863690, 452336467, -1114774781, 2750, 20, 3.900000, 3.800000, 8017, 11865
17:3:23.4294862392, 452335799, -1114775499, 2750, 20, 3.800000, 3.800000, 7709, 8631
17:3:27.4294861097, 452334670, -1114776118, 2750, 20, 3.700000, 3.800000, 7639, 6004
17:3:31.4294859805, 452333451, -1114776820, 2750, 20, 3.700000, 3.800000, 7561, 9636
17:3:35.4294858518, 452332242, -1114777511, 2750, 20, 3.600000, 3.700000, 7567, 7035
17:3:39.4294857233, 452331040, -1114778210, 2750, 20, 3.500000, 3.700000, 7569, 14915
17:3:43.4294855952, 452329844, -1114778911, 2750, 20, 3.500000, 3.700000, 7475, 16853
17:3:47.4294854673, 452328639, -1114779601, 2750, 20, 3.400000, 3.700000, 7367, 17112
17:3:51.4294853398, 452327452, -1114780287, 2751, 20, 3.300000, 3.600000, 7526, 15842
17:3:55.4294852125, 452326262, -1114780981, 2751, 20, 3.300000, 3.600000, 7613, 9867
17:3:59.4294850857, 452325051, -1114781668, 2751, 20, 3.200000, 3.600000, 7649, 13981
17:4:3.4294849592, 452323852, -1114782369, 2751, 20, 3.200000, 3.500000, 7789, 6192
17:4:7.4294848330, 452322647, -1114783061, 2751, 20, 3.100000, 3.500000, 7751, 6196
17:4:11.4294847071, 452321432, -1114783761, 2752, 20, 3.100000, 3.500000, 7463, 6892
17:4:15.4294845812, 452320257, -1114784449, 2753, 20, 3.000000, 3.500000, 7556, 7382
17:4:19.4294844554, 452319307, -1114784893, 2753, 20, 3.000000, 3.400000, 7757, 7608
17:4:23.4294843298, 452318776, -1114783749, 2753, 18, 3.000000, 3.400000, 7823, 7988
17:4:27.4294842039, 452319261, -1114782884, 2753, 21, 3.000000, 3.300000, 7414, 8845
17:4:31.4294840776, 452320304, -1114782321, 2752, 21, 3.000000, 3.300000, 7640, 7995
17:4:35.4294839505, 452321523, -1114781662, 2752, 21, 2.900000, 3.300000, 7825, 7286
17:4:39.4294838227, 452322721, -1114780975, 2753, 21, 3.000000, 3.300000, 7769, 6859
17:4:43.4294836944, 452323922, -1114780307, 2752, 21, 2.900000, 3.300000, 7776, 6732
17:4:47.4294835657, 452325125, -1114779630, 2751, 21, 2.900000, 3.300000, 7714, 7495
17:4:51.4294834367, 452326324, -1114778974, 2751, 21, 3.000000, 3.300000, 7761, 7822
17:4:55.4294833074, 452327527, -1114778308, 2751, 21, 3.000000, 3.300000, 7770, 11073
17:4:59.4294831777, 452328752, -1114777644, 2751, 21, 2.900000, 3.300000, 7873, 15613
17:5:3.4294830472, 452329951, -1114776956, 2751, 21, 3.000000, 3.300000, 7896, 17301
17:5:7.4294829160, 452331158, -1114776285, 2750, 21, 3.000000, 3.300000, 7805, 14565
17:5:11.4294827847, 452332360, -1114775611, 2750, 21, 3.000000, 3.300000, 7791, 9782
17:5:15.4294826531, 452333565, -1114774935, 2750, 21, 3.000000, 3.300000, 7888, 15446
17:5:19.4294825211, 452334764, -1114774247, 2750, 21, 3.000000, 3.300000, 7962, 17336
17:5:23.4294823886, 452335765, -1114773648, 2750, 21, 3.000000, 3.300000, 8044, 8111
17:5:27.4294822554, 452335894, -1114772491, 2750, 21, 3.000000, 3.300000, 8589, 8701
17:5:31.4294821223, 452335264, -1114771932, 2749, 21, 2.900000, 3.200000, 7708, 9906
17:5:35.4294819894, 452334253, -1114772584, 2748, 21, 2.900000, 3.100000, 8154, 7808
17:5:39.4294818568, 452333069, -1114773263, 2748, 21, 2.900000, 3.100000, 8168, 9182
17:5:43.4294817247, 452331872, -1114773937, 2748, 21, 2.900000, 3.100000, 8178, 11632
17:5:47.4294815931, 452330663, -1114774591, 2748, 21, 2.900000, 3.100000, 8185, 15631
17:5:51.4294814621, 452329453, -1114775278, 2748, 21, 2.900000, 3.100000, 8189, 15821
17:5:55.4294813317, 452328251, -1114775956, 2749, 21, 2.800000, 3.100000, 8191, 17537
17:5:59.4294812017, 452327042, -1114776637, 2749, 21, 2.800000, 3.100000, 8191, 17370
17:6:3.4294810723, 452325828, -1114777315, 2749, 21, 2.800000, 3.100000, 8201, 12921
17:6:7.4294809432, 452324638, -1114777993, 2749, 21, 2.700000, 3.000000, 8242, 10242
17:6:11.4294808143, 452323433, -1114778668, 2750, 21, 2.700000, 3.100000, 8377, 6190
17:6:15.4294806856, 452322234, -1114779331, 2749, 21, 2.700000, 3.000000, 8318, 7321
17:6:19.4294805568, 452321034, -1114780025, 2750, 21, 2.700000, 3.000000, 8262, 8077
17:6:23.4294804280, 452319830, -1114780711, 2750, 21, 2.700000, 3.000000, 8354, 8528
17:6:27.4294802993, 452318779, -1114781289, 2750, 21, 2.600000, 3.000000, 8753, 8836
17:6:31.4294801706, 452318050, -1114781021, 2750, 21, 2.700000, 3.000000, 9513, 8926
17:6:35.4294800421, 452317922, -1114779800, 2751, 21, 2.600000, 3.000000, 8168, 9800
17:6:39.4294799132, 452318810, -1114779356, 2752, 21, 2.600000, 3.000000, 8864, 9448
17:6:43.4294797833, 452319973, -1114778707, 2752, 21, 2.700000, 3.000000, 8846, 9653
17:6:47.4294796525, 452321172, -1114778023, 2751, 21, 2.700000, 3.000000, 8765, 9629
17:6:51.4294795207, 452322373, -1114777353, 2752, 21, 2.700000, 3.100000, 8624, 8424
17:6:55.4294793877, 452323575, -1114776670, 2752, 21, 2.700000, 3.100000, 8868, 7305
17:6:59.4294792535, 452324764, -1114775988, 2752, 21, 2.700000, 3.100000, 8891, 33062
17:7:3.4294791180, 452325961, -1114775297, 2752, 21, 2.700000, 3.100000, 9012, 14248
17:7:7.4294789815, 452327162, -1114774609, 2752, 21, 2.700000, 3.200000, 9097, 17525
17:7:11.4294788442, 452328357, -1114773922, 2752, 21, 2.800000, 3.200000, 9074, 18647
17:7:15.4294787060, 452329569, -1114773249, 2751, 21, 2.700000, 3.200000, 9073, 18720
17:7:19.4294785671, 452330763, -1114772544, 2751, 21, 2.800000, 3.300000, 9021, 18113
17:7:23.4294784276, 452331960, -1114771852, 2751, 21, 2.800000, 3.300000, 9060, 16656
17:7:27.4294782875, 452333147, -1114771169, 2751, 21, 2.800000, 3.300000, 8958, 22691
17:7:31.4294781473, 452334289, -1114770483, 2751, 21, 2.900000, 3.300000, 9204, 11296
17:7:35.4294780066, 452335090, -1114769817, 2751, 21, 2.900000, 3.300000, 10045, 8511
17:7:39.4294778657, 452334722, -1114768432, 2750, 21, 2.900000, 3.300000, 9166, 13043
17:7:43.4294777250, 452333876, -1114768715, 2749, 21, 2.900000, 3.300000, 9107, 12147
17:7:47.4294775847, 452332753, -1114769399, 2749, 21, 2.900000, 3.200000, 9380, 13113
17:7:51.4294774450, 452331552, -1114770068, 2749, 21, 2.900000, 3.200000, 9286, 16183
17:7:55.4294773060, 452330349, -1114770772, 2749, 21, 2.900000, 3.200000, 9392, 20805
17:7:59.4294771677, 452329126, -1114771461, 2749, 21, 2.800000, 3.200000, 9611, 21079
17:8:3.4294770297, 452327930, -1114772147, 2749, 21, 2.800000, 3.200000, 9402, 21011
17:8:7.4294768922, 452326724, -1114772842, 2749, 21, 2.800000, 3.200000, 9813, 22036
17:8:11.4294767550, 452325531, -1114773506, 2749, 21, 2.800000, 3.200000, 9228, 19080
17:8:15.4294766182, 452324330, -1114774188, 2750, 21, 2.800000, 3.200000, 9805, 15663
17:8:19.4294764815, 452323134, -1114774883, 2750, 21, 2.800000, 3.200000, 9678, 8762
17:8:23.4294763449, 452321945, -1114775578, 2751, 21, 2.800000, 3.200000, 9902, 9208
17:8:27.4294762083, 452320756, -1114776248, 2752, 21, 2.900000, 3.200000, 9859, 10540
17:8:31.4294760717, 452319562, -1114776934, 2751, 21, 2.800000, 3.200000, 9864, 11729
17:8:35.4294759352, 452318368, -1114777610, 2751, 21, 2.800000, 3.200000, 9927, 13626
17:8:39.4294757986, 452317373, -1114778063, 2751, 21, 2.800000, 3.200000, 10055, 12644
17:8:43.4294756624, 452316814, -1114777035, 2751, 21, 2.800000, 3.200000, 10345, 11273
17:8:47.4294755262, 452317240, -1114776138, 2752, 21, 2.800000, 3.200000, 9388, 12405
17:8:51.4294753892, 452318269, -1114775567, 2753, 21, 2.800000, 3.200000, 10246, 13163
17:8:55.4294752510, 452319462, -1114774875, 2753, 21, 2.900000, 3.300000, 10047, 15212
17:8:59.4294751114, 452320670, -1114774193, 2753, 21, 2.900000, 3.300000, 9999, 13260
17:9:3.4294749707, 452321866, -1114773525, 2752, 21, 2.900000, 3.300000, 9677, 12659
17:9:7.4294748288, 452323062, -1114772852, 2752, 21, 2.900000, 3.400000, 9657, 10842
17:9:11.4294746862, 452324273, -1114772183, 2752, 21, 2.900000, 3.400000, 10118, 9393
17:9:15.4294745428, 452325474, -1114771471, 2751, 21, 2.900000, 3.500000, 9409, 11652
17:9:19.4294743987, 452326680, -1114770805, 2751, 21, 3.000000, 3.500000, 9801, 13586
17:9:23.4294742541, 452327883, -1114770113, 2752, 21, 3.000000, 3.500000, 9679, 14678
17:9:27.4294741091, 452329080, -1114769432, 2752, 21, 3.000000, 3.500000, 9621, 16318
17:9:31.4294739632, 452330291, -1114768758, 2752, 21, 3.000000, 3.600000, 9802, 17878
17:9:35.4294738163, 452331498, -1114768083, 2751, 21, 3.100000, 3.600000, 9580, 17844
17:9:39.4294736689, 452332702, -1114767387, 2751, 21, 3.100000, 3.600000, 9438, 14856
17:9:43.4294735214, 452333728, -1114766804, 2751, 21, 3.100000, 3.600000, 9368, 11766
17:9:47.4294733734, 452334090, -1114765857, 2751, 21, 3.100000, 3.600000, 11370, 15837
17:9:51.4294732256, 452333511, -1114764954, 2750, 21, 3.100000, 3.600000, 8516, 12377
17:9:55.4294730779, 452332529, -1114765461, 2750, 21, 3.100000, 3.500000, 9427, 13617
17:9:59.4294729306, 452331351, -1114766166, 2749, 21, 3.100000, 3.500000, 9126, 14682
17:10:3.4294727838, 452330156, -1114766859, 2749, 21, 3.100000, 3.500000, 9119, 15206
17:10:7.4294726379, 452328954, -1114767538, 2749, 21, 3.100000, 3.500000, 9393, 14432
17:10:11.4294724927, 452327754, -1114768221, 2750, 21, 3.100000, 3.500000, 9094, 12172
17:10:15.4294723481, 452326542, -1114768904, 2750, 21, 3.100000, 3.500000, 9242, 9485
17:10:19.4294722043, 452325342, -1114769604, 2750, 21, 3.100000, 3.400000, 9499, 10006
17:10:23.4294720611, 452324142, -1114770283, 2750, 21, 3.100000, 3.400000, 9304, 9725
17:10:27.4294719186, 452322935, -1114770966, 2750, 21, 3.100000, 3.400000, 9290, 10451
17:10:31.4294717765, 452321741, -1114771643, 2750, 21, 3.100000, 3.300000, 9232, 12133
17:10:35.4294716348, 452320536, -1114772337, 2751, 21, 3.000000, 3.300000, 9129, 13677
17:10:39.4294714936, 452319341, -1114773025, 2751, 21, 3.000000, 3.400000, 9045, 13931
17:10:43.4294713530, 452318133, -1114773712, 2751, 21, 3.000000, 3.300000, 9064, 13305
17:10:47.4294712130, 452316998, -1114774355, 2751, 20, 3.000000, 3.300000, 9185, 12362
17:10:51.4294710738, 452316135, -1114774604, 2751, 20, 3.000000, 3.300000, 10236, 10436
17:10:55.4294709353, 452315770, -1114773181, 2751, 20, 3.000000, 3.300000, 8601, 12243
17:10:59.4294707966, 452316540, -1114772610, 2752, 20, 2.900000, 3.300000, 9045, 12088
17:11:3.4294706572, 452317658, -1114771975, 2752, 20, 3.000000, 3.300000, 9311, 12766
17:11:7.4294705168, 452318835, -1114771268, 2752, 20, 3.000000, 3.300000, 9095, 14333
17:11:11.4294703758, 452320029, -1114770586, 2752, 20, 2.900000, 3.300000, 9249, 14554
17:11:15.4294702339, 452321224, -1114769895, 2752, 20, 3.000000, 3.400000, 9218, 15003
17:11:19.4294700910, 452322407, -1114769199, 2752, 20, 3.000000, 3.400000, 9263, 13434
17:11:23.4294699473, 452323609, -1114768518, 2752, 20, 3.000000, 3.400000, 9093, 11532
17:11:27.4294698027, 452324801, -1114767828, 2752, 20, 3.000000, 3.500000, 9127, 9152
17:11:31.4294696572, 452325992, -1114767138, 2752, 20, 3.000000, 3.500000, 8922, 8773
17:11:35.4294695112, 452327178, -1114766436, 2752, 20, 3.000000, 3.500000, 8852, 12005
17:11:39.4294693647, 452328381, -1114765747, 2752, 21, 3.000000, 3.500000, 8818, 12385
17:11:43.4294692176, 452329578, -1114765063, 2751, 21, 3.100000, 3.500000, 8786, 12928
17:11:47.4294690699, 452330777, -1114764383, 2751, 21, 3.100000, 3.600000, 8567, 14186
17:11:51.4294689220, 452331974, -1114763703, 2752, 21, 3.100000, 3.600000, 8768, 13204
17:11:55.4294687732, 452332953, -1114763191, 2752, 21, 3.100000, 3.600000, 8326, 12915
17:11:59.4294686240, 452333019, -1114762026, 2752, 21, 3.100000, 3.600000, 9819, 11703
17:12:3.4294684749, 452332353, -1114761466, 2751, 21, 3.100000, 3.500000, 8129, 12077
17:12:7.4294683259, 452331320, -1114762016, 2750, 21, 3.100000, 3.500000, 8304, 12315
17:12:11.4294681776, 452330128, -1114762735, 2750, 21, 3.100000, 3.500000, 8213, 13974
17:12:15.4294680301, 452328936, -1114763455, 2750, 21, 3.100000, 3.400000, 8399, 14120
17:12:19.4294678834, 452327744, -1114764157, 2750, 21, 3.100000, 3.400000, 8472, 15284
17:12:23.4294677373, 452326563, -1114764836, 2750, 21, 3.100000, 3.400000, 8847, 15320
17:12:27.4294675918, 452325365, -1114765535, 2750, 21, 3.100000, 3.400000, 8737, 10519
17:12:31.4294674473, 452324163, -1114766229, 2750, 21, 3.100000, 3.400000, 8432, 9794
17:12:35.4294673037, 452322955, -1114766942, 2750, 21, 3.100000, 3.300000, 8494, 11783
17:12:39.4294671608, 452321773, -1114767641, 2750, 21, 3.000000, 3.300000, 8221, 12815
17:12:43.4294670185, 452320598, -1114768341, 2750, 20, 3.000000, 3.300000, 8712, 15697
17:12:47.4294668768, 452319395, -1114769041, 2751, 20, 3.000000, 3.300000, 8338, 17907
17:12:51.4294667356, 452318213, -1114769736, 2751, 20, 3.000000, 3.300000, 8912, 15685
17:12:55.4294665949, 452317026, -1114770447, 2751, 20, 3.000000, 3.300000, 8601, 13166
17:12:59.4294664546, 452315928, -1114771082, 2751, 20, 3.000000, 3.300000, 8813, 11808
17:13:3.4294663147, 452315109, -1114771051, 2751, 20, 3.000000, 3.300000, 10015, 10707
17:13:7.4294661750, 452314841, -1114769702, 2752, 20, 3.000000, 3.200000, 7933, 13675
17:13:11.4294660350, 452315683, -1114769126, 2752, 20, 3.000000, 3.300000, 8495, 13579
17:13:15.4294658951, 452316848, -1114768459, 2752, 21, 3.000000, 3.300000, 8654, 13648
17:13:19.4294657546, 452318037, -1114767762, 2752, 21, 3.000000, 3.300000, 8658, 15294
17:13:23.4294656132, 452319227, -1114767069, 2751, 21, 3.000000, 3.400000, 8639, 18397
17:13:27.4294654709, 452320426, -1114766385, 2751, 21, 3.000000, 3.400000, 8762, 15665
17:13:31.4294653272, 452321616, -1114765700, 2751, 21, 3.000000, 3.500000, 8649, 12739
17:13:35.4294651826, 452322800, -1114765003, 2751, 21, 3.000000, 3.500000, 8806, 12078
17:13:39.4294650373, 452324008, -1114764327, 2751, 21, 3.100000, 3.500000, 9048, 12314
17:13:43.4294648912, 452325202, -1114763641, 2751, 21, 3.100000, 3.600000, 8683, 11903
17:13:47.4294647444, 452326390, -1114762959, 2751, 21, 3.100000, 3.600000, 8644, 12208
17:13:51.4294645965, 452327577, -1114762252, 2751, 21, 3.200000, 3.600000, 8318, 12162
17:13:55.4294644480, 452328772, -1114761574, 2751, 21, 3.200000, 3.600000, 8257, 13343
17:13:59.4294642992, 452329976, -1114760914, 2751, 21, 3.200000, 3.700000, 8623, 12690
17:14:3.4294641497, 452331168, -1114760220, 2751, 21, 3.300000, 3.700000, 8718, 12475
17:14:7.4294639995, 452332122, -1114759747, 2751, 21, 3.300000, 3.700000, 8676, 11417
17:14:11.4294638488, 452332093, -1114758439, 2751, 21, 3.300000, 3.800000, 9571, 11045
17:14:15.4294636976, 452331391, -1114758169, 2751, 21, 3.300000, 3.800000, 8610, 11111
17:14:19.4294635464, 452330353, -1114758794, 2750, 21, 3.400000, 3.700000, 8821, 12790
17:14:23.4294633955, 452329147, -1114759484, 2749, 21, 3.300000, 3.700000, 8702, 11890
17:14:27.4294632450, 452327949, -1114760174, 2749, 21, 3.300000, 3.700000, 8965, 12875
17:14:31.4294630948, 452326736, -1114760844, 2749, 21, 3.400000, 3.700000, 9063, 12143
17:14:35.4294629452, 452325522, -1114761532, 2749, 21, 3.400000, 3.700000, 8986, 13549
17:14:39.4294627965, 452324315, -1114762231, 2749, 21, 3.300000, 3.700000, 8792, 13847
17:14:43.4294626484, 452323122, -1114762910, 2749, 21, 3.300000, 3.600000, 9084, 13069
17:14:47.4294625010, 452321910, -1114763611, 2750, 21, 3.400000, 3.600000, 9115, 12986
17:14:51.4294623546, 452320706, -1114764298, 2750, 21, 3.300000, 3.600000, 9146, 12803
17:14:55.4294622085, 452319509, -1114764994, 2750, 21, 3.300000, 3.600000, 9083, 13262
17:14:59.4294620624, 452318315, -1114765666, 2750, 21, 3.300000, 3.600000, 9059, 14758
17:15:3.4294619162, 452317110, -1114766359, 2750, 21, 3.300000, 3.600000, 8894, 18764
17:15:7.4294617707, 452315905, -1114767063, 2750, 21, 3.300000, 3.500000, 8889, 19900
17:15:11.4294616258, 452314839, -1114767697, 2750, 21, 3.300000, 3.500000, 8618, 17173
17:15:15.4294614814, 452314068, -1114767666, 2750, 21, 3.300000, 3.500000, 10316, 12519
17:15:19.4294613371, 452313836, -1114766268, 2751, 21, 3.300000, 3.500000, 7794, 18706
17:15:23.4294611927, 452314677, -1114765799, 2752, 21, 3.300000, 3.500000, 9059, 15479
17:15:27.4294610474, 452315822, -1114765155, 2752, 21, 3.300000, 3.500000, 9057, 18773
17:15:31.4294609015, 452317028, -1114764467, 2752, 21, 3.300000, 3.600000, 9009, 20048
17:15:35.4294607546, 452318211, -1114763771, 2751, 21, 3.300000, 3.600000, 9009, 17689
17:15:39.4294606067, 452319406, -1114763101, 2751, 21, 3.300000, 3.600000, 8816, 15459
17:15:43.4294604579, 452320601, -1114762411, 2751, 21, 3.300000, 3.600000, 8998, 14035
17:15:47.4294603082, 452321799, -1114761741, 2751, 21, 3.300000, 3.700000, 9009, 14012
17:15:51.4294601578, 452322997, -1114761038, 2751, 21, 3.300000, 3.700000, 8927, 13975
17:15:55.4294600067, 452324208, -1114760371, 2751, 21, 3.300000, 3.700000, 9146, 13981
17:15:59.4294598550, 452325404, -1114759666, 2750, 21, 3.300000, 3.700000, 8718, 14777
17:16:3.4294597023, 452326618, -1114759003, 2750, 21, 3.400000, 3.800000, 9131, 14270
17:16:7.4294595491, 452327823, -1114758298, 2750, 21, 3.400000, 3.800000, 8815, 13496
17:16:11.4294593952, 452329017, -1114757599, 2751, 21, 3.400000, 3.800000, 9003, 11754
17:16:15.4294592408, 452330214, -1114756921, 2751, 21, 3.400000, 3.800000, 8959, 12045
17:16:19.4294590861, 452331201, -1114756338, 2750, 21, 3.400000, 3.900000, 9183, 11877
17:16:23.4294589309, 452331159, -1114755091, 2750, 21, 3.400000, 3.900000, 10346, 10733
17:16:27.4294587761, 452330470, -1114754676, 2749, 21, 3.400000, 3.900000, 8870, 13943
17:16:31.4294586217, 452329451, -1114755260, 2749, 21, 3.400000, 3.900000, 9227, 12787
17:16:35.4294584679, 452328259, -1114755971, 2749, 21, 3.400000, 3.800000, 9367, 12203
17:16:39.4294583145, 452327065, -1114756661, 2749, 21, 3.400000, 3.800000, 9093, 8796
17:16:43.4294581617, 452325868, -1114757360, 2750, 21, 3.400000, 3.800000, 9296, 9784
17:16:47.4294580095, 452324690, -1114758043, 2750, 21, 3.400000, 3.700000, 9294, 13037
17:16:51.4294578579, 452323482, -1114758742, 2749, 20, 3.400000, 3.700000, 9136, 15646
17:16:55.4294577068, 452322276, -1114759420, 2750, 21, 3.400000, 3.700000, 8995, 16653
17:16:59.4294575568, 452321085, -1114760115, 2750, 20, 3.400000, 3.600000, 9071, 15687
17:17:3.4294574073, 452319895, -1114760800, 2750, 20, 3.400000, 3.600000, 8856, 15311
17:17:7.4294572584, 452318695, -1114761533, 2751, 20, 3.400000, 3.600000, 8871, 16810
17:17:11.4294571098, 452317510, -1114762229, 2751, 20, 3.400000, 3.600000, 8638, 18233
17:17:15.4294569616, 452316317, -1114762890, 2751, 20, 3.400000, 3.600000, 8201, 17543
17:17:19.4294568141, 452315108, -1114763592, 2750, 20, 3.400000, 3.500000, 8665, 18683
17:17:23.4294566673, 452313983, -1114764237, 2750, 20, 3.300000, 3.500000, 8414, 18320
17:17:27.4294565211, 452313217, -1114764600, 2750, 20, 3.400000, 3.500000, 8296, 17514
17:17:31.4294563753, 452313183, -1114764600, 2750, 20, 3.300000, 3.500000, 8536, 17839
17:17:35.4294562299, 452313255, -1114764508, 2751, 20, 3.300000, 3.500000, 8598, 16442
17:17:39.4294560846, 452314617, -1114763090, 2751, 20, 3.300000, 3.500000, 8752, 17300
17:17:43.4294559384, 452316651, -1114761011, 2752, 20, 3.300000, 3.500000, 8252, 16501
17:17:47.4294557914, 452318661, -1114758902, 2752, 20, 3.300000, 3.500000, 8221, 15912
17:17:51.4294556436, 452320696, -1114756775, 2752, 20, 3.300000, 3.500000, 8237, 17215
17:17:55.4294554949, 452322724, -1114754689, 2752, 20, 3.300000, 3.500000, 8242, 16513
17:17:59.4294553452, 452324761, -1114752587, 2752, 20, 3.300000, 3.500000, 8191, 9935
17:18:3.4294551948, 452326792, -1114750508, 2752, 20, 3.300000, 3.600000, 8191, 5197
17:18:7.4294550437, 452328530, -1114748702, 2752, 20, 3.300000, 3.600000, 8191, 9737
17:18:11.4294548923, 452328729, -1114748498, 2751, 20, 3.400000, 3.600000, 8191, 11476
17:18:15.4294547415, 452328707, -1114748505, 2748, 20, 3.400000, 3.600000, 8313, 11921
17:18:19.4294545916, 452328689, -1114748519, 2742, 20, 3.400000, 3.600000, 8244, 11836
17:18:23.4294544428, 452328674, -1114748534, 2738, 20, 3.300000, 3.600000, 8786, 13128
17:18:27.4294542945, 452328661, -1114748503, 2732, 20, 3.400000, 3.600000, 8295, 13781
17:18:31.4294541463, 452328653, -1114748517, 2727, 21, 3.400000, 3.600000, 8725, 13551
17:18:35.4294539980, 452328669, -1114748506, 2721, 21, 3.400000, 3.600000, 8319, 14392
17:18:39.4294538496, 452328685, -1114748527, 2716, 21, 3.400000, 3.600000, 8221, 14857
17:18:43.4294537010, 452328664, -1114748522, 2710, 21, 3.400000, 3.600000, 8188, 14000
17:18:47.4294535526, 452328676, -1114748500, 2705, 21, 3.400000, 3.600000, 8911, 14645
17:18:51.4294534041, 452328654, -1114748514, 2700, 21, 3.400000, 3.600000, 8554, 17232
17:18:55.4294532548, 452328655, -1114748540, 2694, 21, 3.400000, 3.600000, 8691, 18399
17:18:59.4294531048, 452328680, -1114748520, 2688, 21, 3.500000, 3.700000, 8769, 19054
17:19:3.4294529543, 452328672, -1114748530, 2682, 21, 3.500000, 3.700000, 8844, 21340
17:19:7.4294528035, 452328651, -1114748540, 2677, 21, 3.500000, 3.700000, 8703, 22602
17:19:11.4294526521, 452328661, -1114748562, 2671, 21, 3.500000, 3.700000, 8860, 27082
17:19:15.4294525007, 452328671, -1114748533, 2666, 21, 3.500000, 3.800000, 8961, 21392
17:19:19.4294523490, 452328653, -1114748550, 2661, 21, 3.600000, 3.800000, 8489, 36725
17:19:23.4294521967, 452328632, -1114748543, 2655, 21, 3.600000, 3.800000, 8214, 45238
17:19:27.4294520436, 452328647, -1114748550, 2651, 21, 3.600000, 3.900000, 8309, 62470
17:19:31.4294518898, 452328636, -1114748570, 2653, 21, 3.700000, 3.900000, 8367, 62490
17:19:35.4294517350, 452328645, -1114748535, 2650, 21, 3.700000, 4.000000, 8473, 62474
17:19:39.4294515796, 452328638, -1114748527, 2647, 21, 3.700000, 4.000000, 8876, 62503
17:19:43.4294514236, 452328647, -1114748562, 2646, 21, 3.800000, 4.000000, 8455, 62538
17:19:47.4294512666, 452328654, -1114748611, 2645, 21, 3.800000, 4.100000, 8308, 62516
17:19:51.4294511086, 452328651, -1114748586, 2644, 20, 3.800000, 4.100000, 8275, 62530
17:19:55.4294509497, 452328652, -1114748578, 2644, 20, 3.800000, 4.100000, 8287, 62523
17:19:59.4294507900, 452328641, -1114748553, 2643, 21, 3.800000, 4.200000, 8221, 62570
17:20:3.4294506295, 452328650, -1114748541, 2643, 21, 3.900000, 4.200000, 8404, 62532
17:20:7.4294504683, 452328641, -1114748555, 2643, 21, 3.900000, 4.300000, 8244, 62546
17:20:11.4294503067, 452328647, -1114748553, 2643, 20, 3.900000, 4.300000, 8226, 62551
17:20:15.4294501447, 452328649, -1114748600, 2642, 20, 4.000000, 4.300000, 8190, 62559
17:20:19.4294499830, 452328671, -1114748605, 2645, 20, 4.000000, 4.300000, 8266, 62543
17:20:23.4294498210, 452328656, -1114748569, 2645, 20, 4.000000, 4.400000, 8699, 62540
17:20:27.4294496591, 452328645, -1114748559, 2645, 20, 4.100000, 4.400000, 8791, 62562
17:20:31.4294494969, 452328653, -1114748584, 2643, 21, 4.100000, 4.400000, 9015, 62545
17:20:35.4294493345, 452328662, -1114748613, 2642, 21, 4.100000, 4.400000, 8733, 62540
17:20:39.4294491719, 452328664, -1114748631, 2642, 21, 4.200000, 4.400000, 8098, 62527
17:20:43.4294490092, 452328663, -1114748662, 2642, 21, 4.200000, 4.400000, 8114, 62542
17:20:47.4294488461, 452328661, -1114748701, 2642, 21, 4.200000, 4.400000, 8128, 62549
17:20:51.4294486826, 452328661, -1114748688, 2642, 20, 4.200000, 4.500000, 8128, 62545
17:20:55.4294485184, 452328660, -1114748673, 2643, 20, 4.200000, 4.500000, 7834, 62543
17:20:59.4294483534, 452328876, -1114748914, 2643, 21, 4.200000, 4.500000, 11899, 24691
17:21:3.4294481877, 452329183, -1114749341, 2642, 21, 4.300000, 4.500000, 10916, 19462
17:21:7.4294480209, 452329326, -1114749608, 2642, 21, 4.300000, 4.500000, 10717, 36464
17:21:11.4294478535, 452329378, -1114749665, 2641, 21, 4.300000, 4.600000, 7504, 22421
17:21:15.4294476849, 452329397, -1114749644, 2640, 20, 4.400000, 4.600000, 8191, 23624
17:21:19.4294475152, 452329413, -1114749624, 2640, 21, 4.400000, 4.600000, 8201, 23808
17:21:23.4294473448, 452329419, -1114749621, 2640, 19, 4.400000, 4.600000, 7534, 21635
17:21:27.4294471738, 452329419, -1114749614, 2640, 20, 4.500000, 4.600000, 8191, 19854
17:21:31.4294470020, 452329416, -1114749590, 2639, 21, 4.500000, 4.600000, 8191, 23688
17:21:35.4294468293, 452329406, -1114749554, 2639, 20, 4.500000, 4.700000, 8191, 23709
17:21:39.4294466559, 452329380, -1114749525, 2639, 21, 4.600000, 4.700000, 8190, 23624
17:21:43.497518, 452329368, -1114749516, 2639, 20, 4.600000, 4.700000, 8189, 23576
17:21:47.495767, 452329375, -1114749526, 2639, 20, 4.600000, 4.700000, 8187, 23668
17:21:51.494007, 452329400, -1114749540, 2639, 21, 4.700000, 4.700000, 8186, 23718
17:21:55.492241, 452329434, -1114749551, 2640, 20, 4.700000, 4.700000, 8185, 23848
17:21:59.490468, 452329450, -1114749554, 2640, 20, 4.800000, 4.700000, 8188, 23970
17:22:3.488688, 452329447, -1114749545, 2640, 20, 4.800000, 4.700000, 8188, 24173
17:22:7.486902, 452329441, -1114749536, 2640, 20, 4.800000, 4.700000, 8190, 24323
17:22:11.485112, 452329419, -1114749541, 2639, 20, 4.900000, 4.800000, 8191, 24401